fund_codes = [510010,510020,510030,510040,510050,510060,510090,510100,510130,510150,510160,510170,510180,510190,510200,510210,510230,510270,510290,510410,510600,510630,510650,510660,510680,510710,510720,510760,510770,510800,510810,510850,510880,510950,510980,510990,530000,530050,530080,530180,530280,530300,530580,530680,530800,530880,510300,510310,510320,510330,510350,510360,510370,510380,510390,510500,510510,510530,510550,510560,510570,510580,510590,512000,512010,512020,512040,512050,512060,512070,512080,517000,517010,517030,517050,517080,517090,517100,517110,517120,517160,517170,517180,517200,517300,517330,517350,517360,517380,517390,517400,517520,517550,517660,517770,517800,588000,588010,588020,588030,588040,588050,588060,588070,588080,588090,588100,588110,588120,588130,588150,588160,588170,588180,588190,588200,588210,588220,588230,588240,588250,588300,588310,588320,588330,588350,588360,588370,588380,588390,588400,588450,588460,588500,588520,588660,588670,588680,511010,511020,511030,511060,511070,511090,511100,511110,511120,511130,511160,511180,511190,511200,511220,511260,511270,551000,551030,510900,513000,513010,513020,513030,513040,513050,513060,513070,513080,513090,513100,513110,513120,513130,513140,513150,513160,513170,513180,513190,513200,513210,513220,513230,518600,518660,518680,518800,518850,518860,518880,518890]
grid_size = 0.05
sum = 30000
amount = 2000

# LAST_3_MONTHS = 0
# LAST_6_MONTHS = 1
# LAST_1_YEAR = 2
# LAST_3_YEARS = 3
# LAST_5_YEARS = 4
# SINCE_ESTABLISHED = 5
period = [3,4]

threshold_low = 0
threshold_high = 0.7